4122918
73060
5510780
4220583
5009059
1446184
5455241
3143519
4099816
4081039
4179547
5090278
5004766
2925344
5090286
3865740
4323393
330867
1369854
3329028
4255510
5605338
3422712
4077394
1756821
5444430
5721988
4094434
5554920
2920085
5455249
5717360
5677436
4189118
4330891
5031183
4976898
3999594
5550613
5237408
5698324
4151558
4967278
5687248
5246915
4936663
4160739
331145
2835085
5084303
330999
336722
5370764
2925341
330864
5103228
4236457
1352233
4087597
1387702
4074092
4335811
5380065
3990701
5473046
5264613
5325831
3197152
4115662
4916322
5712337
1670977
4092523
2911181
4977670
311243
331017
336015
3865712
5530502
51596
336794
5262733
5455250
5332309
5325773
5454615
1620713
5263818
4100377
4084362
5199305
68428
5009971
4352981
4196403
4240563
27111
5019972
2835088
5478945
3197151
4334069
5256970
5350914
4006866
4086758
3978287
4220572
4220600
5293466
5455247
2911180
4262078
5007550
1387698
2340414
4013918
5252359
5503212
5293464
5127201
336488
4237840
4158233
4062410
5063671
390632
973635
4042381
4134173
3149993
4742234
5128136
4740491
5551908
2864503
4728964
4352980
4352975
3150876
973621
4063545
5455246
2781352
5269729
5325776
5334905
5551034
5312736
5724453
2880302
5121019
1327273
4090205
5263806
5110479
4732283
4025670
5024793
5252626
5269726
4084275
5452357
5100483
2885074
4080261
4205293
336769
5412339
4145190
4503344
1369842
4244559
5036944
5258022
5500112
375756
3978260
5538101
2911183
5704187
3200419
5671210
4955662
4084221
1369858
5689534
5544713
4926907
4094451
4180764
5503180
5289623
5407912
5709238
5664139
5686376
5084296
4335705
5457756
376198
5672798
5724454
4114775
3928097
4110555
5485994
5678608
5325830
5634778
5617209
4140218
5713408
5617287
3230588
331036
388267
2272231
4190097
5622111
4098380
5325832
4932547
1255262
3262425
5328318
49863
5502578
4231793
4917878
5263813
150016
336795
5264600
4250322
5325775
4084403
4996861
5239070
2829705
5323968
4345694
4229993
5546815
22031
5455244
5370845
5724458
5035270
5328319
4094896
5491736
4227328
4921021
2889500
4074121
4193017
330987
4089801
5724456
5455245
4733602
4214338
3239843
5269735
4118758
2611811
5095792
5289620
3095721
4916332
4223656
5449687
2332829
3332509
5264601
4080230
4004620
2271187
5297286
4241063
4241064
3895039
4992443
4101118
4104686
336766
5472715
4222550
4100036
4199497
3181101
4177434
4317358
5244448
5688519
5280577
4111342
5239152
4744445
151977
5078807
4174923
3844667
4256713
5251884
4062389
5289619
1406065
4735364
3081020
4314931
5059096
5289626
5724480
4084911
50355
5548594
5705710
4352965
3823769
3964219
5455248
2735407
355620
2856442
4228760
2293324
5550568
3304871
5665963
4077757
5253181
5679511
4101832
2879040
5016176
5339033
5623798
5031120
5501513
2266827
4311733
5427566
5344208
2900288
4147756
4081044
5004888
5548678
4742798
390629
5455243
5550846
5311013
4156829
311157
5297285
5686421
5723170
5264547
331027
5286223
5662732
4034218
4127735
4083563
331147
3978266
3198174
56232
4089712
5289624
5439537
1352228
5293465
5724455
4098399
5042815
103712
4088959
4246833
50547
4345706
4172675
4026367
5622182
5491734
4067801
4077770
4112911
3277701
5678634
3181191
4730369
2326653
3870699
5505347
3401446
5084307
2340417
2835089
5501514
4084364
2834182
5658313
4176199
4154583
5070626
4104721
3019364
5095800
5469891
5304968
4094347
5278537
1723592
331008
336714
5491737
2334423
5289610
3261217
2860463
2266882
4217805
5011878
1369865
5143479
2553974
3045755
4755028
5269728
4927346
376181
2340429
4032692
5563626
2835086
4049533
2835093
5053901
5258839
1670804
1748137
5002576
4005724
4074058
4123475
2835092
4103036
150532
5536430
4099965
5048963
5501516
1461301
4993009
4941455
5258021
4260910
5469888
4352974
4098378
5273231
5113695
1620715
3875153
5313381
5325774
3910555
1726054
5369239
3923441
5084470
5724324
3442121
977232
2835091
5421493
5271713
5455242
4142399
5258836
3375922
2334448
1394822
3401535
4084365
331116
388266
5450563
3323801
3337196
4097123
1742650
2340408
5503220
3977540
3856022
5298756
5687237
5293468
5004767
4102007
2806692
4944853
5084263
4091619
4085291
4170053
4228012
3978264
4961397
3375921
1369828
100862
1622778
4082426
5340022
5548480
4084953
4090128
5359237
4001032
5453783
4352971
3195319
5325829
5617234
336793
4101122
2823117
5538070
4175060
3146601
2835087
311197
4062405
4941358
3875480
5416942
5269734
5258013
4093665
5325698
4178375
4178376
311230
331095
2271207
4916321
5459442
4029034
4328859
331141
2367125
4084383
4212362
4063496
3865725
3317632
5325697
4027980
5374539
5084298
4121174
4084334
5407831
3843805
4003741
5049767
1839301
5293467
4188144
5284252
4043433
